[Project1] 12449 1588073993.605092190 1588073994.231084535
[Project1] 12453 1588073994.834527045 1588073995.457964149
[Project1] 12469 1588073996.069689399 1588073996.688598030
[Project1] 12473 1588073997.268865482 1588073997.884489736
[Project1] 12477 1588073998.477191664 1588073999.117620145
[Project1] 12481 1588073999.709674771 1588074000.343837859
[Project1] 12497 1588074000.960286373 1588074001.578149417
[Project1] 12501 1588074002.171167257 1588074002.781523832
[Project1] 12505 1588074003.379147672 1588074003.994248758
[Project1] 12509 1588074004.610515511 1588074005.220283264
