[Project1] 22740 1588076643.066714831 1588076643.723291476
[Project1] 22746 1588076644.359712197 1588076645.078742390
[Project1] 22759 1588076645.752026250 1588076646.436214775
[Project1] 22767 1588076647.091523751 1588076647.801524602
[Project1] 22775 1588076648.520417609 1588076649.234257179
[Project1] 22785 1588076649.879281240 1588076650.584647930
[Project1] 22800 1588076651.254810341 1588076651.980128800
[Project1] 22809 1588076652.665350419 1588076653.453050160
[Project1] 22814 1588076654.050425035 1588076654.731711633
[Project1] 22832 1588076655.386971124 1588076656.069397081
